-40.000000 -40.000000 1.000000 
-40.000000 -35.000000 1.000000 
-40.000000 -30.000000 1.000000 
-40.000000 -25.000000 1.000000 
-40.000000 -20.000000 1.000000 
-40.000000 -15.000000 1.000000 
-40.000000 -10.000000 1.000000 
-40.000000 -5.000000 1.000000 
-40.000000 0.000000 1.000000 
-40.000000 5.000000 1.000000 
-40.000000 10.000000 1.000000 
-40.000000 15.000000 1.000000 
-40.000000 20.000000 1.000000 
-40.000000 25.000000 1.000000 
-40.000000 30.000000 1.000000 
-40.000000 35.000000 1.000000 
-40.000000 40.000000 1.000000 
-40.000000 45.000000 1.000000 
-40.000000 50.000000 1.000000 
-40.000000 55.000000 1.000000 
-40.000000 60.000000 1.000000 
-40.000000 65.000000 1.000000 
-40.000000 70.000000 1.000000 
-40.000000 75.000000 1.000000 
-40.000000 80.000000 1.000000 
-40.000000 85.000000 1.000000 
-40.000000 90.000000 1.000000 
-40.000000 95.000000 1.000000 
-40.000000 100.000000 1.000000 

-35.000000 -40.000000 0.000000 
-35.000000 -35.000000 0.000000 
-35.000000 -30.000000 0.000000 
-35.000000 -25.000000 0.000000 
-35.000000 -20.000000 0.000000 
-35.000000 -15.000000 0.000000 
-35.000000 -10.000000 0.000000 
-35.000000 -5.000000 0.000000 
-35.000000 0.000000 0.000000 
-35.000000 5.000000 0.000000 
-35.000000 10.000000 0.000000 
-35.000000 15.000000 0.000000 
-35.000000 20.000000 0.000000 
-35.000000 25.000000 0.000000 
-35.000000 30.000000 0.000000 
-35.000000 35.000000 0.000000 
-35.000000 40.000000 0.000000 
-35.000000 45.000000 0.000000 
-35.000000 50.000000 0.000000 
-35.000000 55.000000 0.000000 
-35.000000 60.000000 0.000000 
-35.000000 65.000000 0.000000 
-35.000000 70.000000 0.000000 
-35.000000 75.000000 0.000000 
-35.000000 80.000000 0.000000 
-35.000000 85.000000 0.000000 
-35.000000 90.000000 0.000000 
-35.000000 95.000000 0.000000 
-35.000000 100.000000 0.000000 

-30.000000 -40.000000 1.000000 
-30.000000 -35.000000 1.000000 
-30.000000 -30.000000 1.000000 
-30.000000 -25.000000 1.000000 
-30.000000 -20.000000 1.000000 
-30.000000 -15.000000 1.000000 
-30.000000 -10.000000 1.000000 
-30.000000 -5.000000 1.000000 
-30.000000 0.000000 1.000000 
-30.000000 5.000000 1.000000 
-30.000000 10.000000 1.000000 
-30.000000 15.000000 1.000000 
-30.000000 20.000000 1.000000 
-30.000000 25.000000 1.000000 
-30.000000 30.000000 1.000000 
-30.000000 35.000000 1.000000 
-30.000000 40.000000 1.000000 
-30.000000 45.000000 1.000000 
-30.000000 50.000000 1.000000 
-30.000000 55.000000 1.000000 
-30.000000 60.000000 1.000000 
-30.000000 65.000000 1.000000 
-30.000000 70.000000 1.000000 
-30.000000 75.000000 1.000000 
-30.000000 80.000000 1.000000 
-30.000000 85.000000 1.000000 
-30.000000 90.000000 1.000000 
-30.000000 95.000000 1.000000 
-30.000000 100.000000 1.000000 

-25.000000 -40.000000 0.000000 
-25.000000 -35.000000 0.000000 
-25.000000 -30.000000 0.000000 
-25.000000 -25.000000 0.000000 
-25.000000 -20.000000 0.000000 
-25.000000 -15.000000 0.000000 
-25.000000 -10.000000 0.000000 
-25.000000 -5.000000 0.000000 
-25.000000 0.000000 0.000000 
-25.000000 5.000000 0.000000 
-25.000000 10.000000 0.000000 
-25.000000 15.000000 0.000000 
-25.000000 20.000000 0.000000 
-25.000000 25.000000 0.000000 
-25.000000 30.000000 0.000000 
-25.000000 35.000000 0.000000 
-25.000000 40.000000 0.000000 
-25.000000 45.000000 0.000000 
-25.000000 50.000000 0.000000 
-25.000000 55.000000 0.000000 
-25.000000 60.000000 0.000000 
-25.000000 65.000000 0.000000 
-25.000000 70.000000 0.000000 
-25.000000 75.000000 0.000000 
-25.000000 80.000000 0.000000 
-25.000000 85.000000 0.000000 
-25.000000 90.000000 0.000000 
-25.000000 95.000000 0.000000 
-25.000000 100.000000 0.000000 

-20.000000 -40.000000 1.000000 
-20.000000 -35.000000 1.000000 
-20.000000 -30.000000 1.000000 
-20.000000 -25.000000 1.000000 
-20.000000 -20.000000 1.000000 
-20.000000 -15.000000 1.000000 
-20.000000 -10.000000 1.000000 
-20.000000 -5.000000 1.000000 
-20.000000 0.000000 1.000000 
-20.000000 5.000000 1.000000 
-20.000000 10.000000 1.000000 
-20.000000 15.000000 1.000000 
-20.000000 20.000000 1.000000 
-20.000000 25.000000 1.000000 
-20.000000 30.000000 1.000000 
-20.000000 35.000000 1.000000 
-20.000000 40.000000 1.000000 
-20.000000 45.000000 1.000000 
-20.000000 50.000000 1.000000 
-20.000000 55.000000 1.000000 
-20.000000 60.000000 1.000000 
-20.000000 65.000000 1.000000 
-20.000000 70.000000 1.000000 
-20.000000 75.000000 1.000000 
-20.000000 80.000000 1.000000 
-20.000000 85.000000 1.000000 
-20.000000 90.000000 1.000000 
-20.000000 95.000000 1.000000 
-20.000000 100.000000 1.000000 

-15.000000 -40.000000 0.000000 
-15.000000 -35.000000 0.000000 
-15.000000 -30.000000 0.000000 
-15.000000 -25.000000 0.000000 
-15.000000 -20.000000 0.000000 
-15.000000 -15.000000 0.000000 
-15.000000 -10.000000 0.000000 
-15.000000 -5.000000 0.000000 
-15.000000 0.000000 0.000000 
-15.000000 5.000000 0.000000 
-15.000000 10.000000 0.000000 
-15.000000 15.000000 0.000000 
-15.000000 20.000000 0.000000 
-15.000000 25.000000 0.000000 
-15.000000 30.000000 0.000000 
-15.000000 35.000000 0.000000 
-15.000000 40.000000 0.000000 
-15.000000 45.000000 0.000000 
-15.000000 50.000000 0.000000 
-15.000000 55.000000 0.000000 
-15.000000 60.000000 0.000000 
-15.000000 65.000000 0.000000 
-15.000000 70.000000 0.000000 
-15.000000 75.000000 0.000000 
-15.000000 80.000000 0.000000 
-15.000000 85.000000 0.000000 
-15.000000 90.000000 0.000000 
-15.000000 95.000000 0.000000 
-15.000000 100.000000 0.000000 

-10.000000 -40.000000 1.000000 
-10.000000 -35.000000 1.000000 
-10.000000 -30.000000 1.000000 
-10.000000 -25.000000 1.000000 
-10.000000 -20.000000 1.000000 
-10.000000 -15.000000 1.000000 
-10.000000 -10.000000 1.000000 
-10.000000 -5.000000 1.000000 
-10.000000 0.000000 1.000000 
-10.000000 5.000000 1.000000 
-10.000000 10.000000 1.000000 
-10.000000 15.000000 1.000000 
-10.000000 20.000000 1.000000 
-10.000000 25.000000 1.000000 
-10.000000 30.000000 1.000000 
-10.000000 35.000000 1.000000 
-10.000000 40.000000 1.000000 
-10.000000 45.000000 1.000000 
-10.000000 50.000000 1.000000 
-10.000000 55.000000 1.000000 
-10.000000 60.000000 1.000000 
-10.000000 65.000000 1.000000 
-10.000000 70.000000 1.000000 
-10.000000 75.000000 1.000000 
-10.000000 80.000000 1.000000 
-10.000000 85.000000 1.000000 
-10.000000 90.000000 1.000000 
-10.000000 95.000000 1.000000 
-10.000000 100.000000 1.000000 

-5.000000 -40.000000 0.000000 
-5.000000 -35.000000 0.000000 
-5.000000 -30.000000 0.000000 
-5.000000 -25.000000 0.000000 
-5.000000 -20.000000 0.000000 
-5.000000 -15.000000 0.000000 
-5.000000 -10.000000 0.000000 
-5.000000 -5.000000 0.000000 
-5.000000 0.000000 0.000000 
-5.000000 5.000000 0.000000 
-5.000000 10.000000 0.000000 
-5.000000 15.000000 0.000000 
-5.000000 20.000000 0.000000 
-5.000000 25.000000 0.000000 
-5.000000 30.000000 0.000000 
-5.000000 35.000000 0.000000 
-5.000000 40.000000 0.000000 
-5.000000 45.000000 0.000000 
-5.000000 50.000000 0.000000 
-5.000000 55.000000 0.000000 
-5.000000 60.000000 0.000000 
-5.000000 65.000000 0.000000 
-5.000000 70.000000 0.000000 
-5.000000 75.000000 0.000000 
-5.000000 80.000000 0.000000 
-5.000000 85.000000 0.000000 
-5.000000 90.000000 0.000000 
-5.000000 95.000000 0.000000 
-5.000000 100.000000 0.000000 

0.000000 -40.000000 1.000000 
0.000000 -35.000000 1.000000 
0.000000 -30.000000 1.000000 
0.000000 -25.000000 1.000000 
0.000000 -20.000000 1.000000 
0.000000 -15.000000 1.000000 
0.000000 -10.000000 1.000000 
0.000000 -5.000000 1.000000 
0.000000 0.000000 1.000000 
0.000000 5.000000 1.000000 
0.000000 10.000000 1.000000 
0.000000 15.000000 1.000000 
0.000000 20.000000 1.000000 
0.000000 25.000000 1.000000 
0.000000 30.000000 1.000000 
0.000000 35.000000 1.000000 
0.000000 40.000000 1.000000 
0.000000 45.000000 1.000000 
0.000000 50.000000 1.000000 
0.000000 55.000000 1.000000 
0.000000 60.000000 1.000000 
0.000000 65.000000 1.000000 
0.000000 70.000000 1.000000 
0.000000 75.000000 1.000000 
0.000000 80.000000 1.000000 
0.000000 85.000000 1.000000 
0.000000 90.000000 1.000000 
0.000000 95.000000 1.000000 
0.000000 100.000000 1.000000 

5.000000 -40.000000 0.000000 
5.000000 -35.000000 0.000000 
5.000000 -30.000000 0.000000 
5.000000 -25.000000 0.000000 
5.000000 -20.000000 0.000000 
5.000000 -15.000000 0.000000 
5.000000 -10.000000 0.000000 
5.000000 -5.000000 0.000000 
5.000000 0.000000 0.000000 
5.000000 5.000000 0.000000 
5.000000 10.000000 0.000000 
5.000000 15.000000 0.000000 
5.000000 20.000000 0.000000 
5.000000 25.000000 0.000000 
5.000000 30.000000 0.000000 
5.000000 35.000000 0.000000 
5.000000 40.000000 0.000000 
5.000000 45.000000 0.000000 
5.000000 50.000000 0.000000 
5.000000 55.000000 0.000000 
5.000000 60.000000 0.000000 
5.000000 65.000000 0.000000 
5.000000 70.000000 0.000000 
5.000000 75.000000 0.000000 
5.000000 80.000000 0.000000 
5.000000 85.000000 0.000000 
5.000000 90.000000 0.000000 
5.000000 95.000000 0.000000 
5.000000 100.000000 0.000000 

10.000000 -40.000000 1.000000 
10.000000 -35.000000 1.000000 
10.000000 -30.000000 1.000000 
10.000000 -25.000000 1.000000 
10.000000 -20.000000 1.000000 
10.000000 -15.000000 1.000000 
10.000000 -10.000000 1.000000 
10.000000 -5.000000 1.000000 
10.000000 0.000000 1.000000 
10.000000 5.000000 1.000000 
10.000000 10.000000 1.000000 
10.000000 15.000000 1.000000 
10.000000 20.000000 1.000000 
10.000000 25.000000 1.000000 
10.000000 30.000000 1.000000 
10.000000 35.000000 1.000000 
10.000000 40.000000 1.000000 
10.000000 45.000000 1.000000 
10.000000 50.000000 1.000000 
10.000000 55.000000 1.000000 
10.000000 60.000000 1.000000 
10.000000 65.000000 1.000000 
10.000000 70.000000 1.000000 
10.000000 75.000000 1.000000 
10.000000 80.000000 1.000000 
10.000000 85.000000 1.000000 
10.000000 90.000000 1.000000 
10.000000 95.000000 1.000000 
10.000000 100.000000 1.000000 

15.000000 -40.000000 0.000000 
15.000000 -35.000000 0.000000 
15.000000 -30.000000 0.000000 
15.000000 -25.000000 0.000000 
15.000000 -20.000000 0.000000 
15.000000 -15.000000 0.000000 
15.000000 -10.000000 0.000000 
15.000000 -5.000000 0.000000 
15.000000 0.000000 0.000000 
15.000000 5.000000 0.000000 
15.000000 10.000000 0.000000 
15.000000 15.000000 0.000000 
15.000000 20.000000 0.000000 
15.000000 25.000000 0.000000 
15.000000 30.000000 0.000000 
15.000000 35.000000 0.000000 
15.000000 40.000000 0.000000 
15.000000 45.000000 0.000000 
15.000000 50.000000 0.000000 
15.000000 55.000000 0.000000 
15.000000 60.000000 0.000000 
15.000000 65.000000 0.000000 
15.000000 70.000000 0.000000 
15.000000 75.000000 0.000000 
15.000000 80.000000 0.000000 
15.000000 85.000000 0.000000 
15.000000 90.000000 0.000000 
15.000000 95.000000 0.000000 
15.000000 100.000000 0.000000 

20.000000 -40.000000 1.000000 
20.000000 -35.000000 1.000000 
20.000000 -30.000000 1.000000 
20.000000 -25.000000 1.000000 
20.000000 -20.000000 1.000000 
20.000000 -15.000000 1.000000 
20.000000 -10.000000 1.000000 
20.000000 -5.000000 1.000000 
20.000000 0.000000 1.000000 
20.000000 5.000000 1.000000 
20.000000 10.000000 1.000000 
20.000000 15.000000 1.000000 
20.000000 20.000000 1.000000 
20.000000 25.000000 1.000000 
20.000000 30.000000 1.000000 
20.000000 35.000000 1.000000 
20.000000 40.000000 1.000000 
20.000000 45.000000 1.000000 
20.000000 50.000000 1.000000 
20.000000 55.000000 1.000000 
20.000000 60.000000 1.000000 
20.000000 65.000000 1.000000 
20.000000 70.000000 1.000000 
20.000000 75.000000 1.000000 
20.000000 80.000000 1.000000 
20.000000 85.000000 1.000000 
20.000000 90.000000 1.000000 
20.000000 95.000000 1.000000 
20.000000 100.000000 1.000000 

25.000000 -40.000000 0.000000 
25.000000 -35.000000 0.000000 
25.000000 -30.000000 0.000000 
25.000000 -25.000000 0.000000 
25.000000 -20.000000 0.000000 
25.000000 -15.000000 0.000000 
25.000000 -10.000000 0.000000 
25.000000 -5.000000 0.000000 
25.000000 0.000000 0.000000 
25.000000 5.000000 0.000000 
25.000000 10.000000 0.000000 
25.000000 15.000000 0.000000 
25.000000 20.000000 0.000000 
25.000000 25.000000 0.000000 
25.000000 30.000000 0.000000 
25.000000 35.000000 0.000000 
25.000000 40.000000 0.000000 
25.000000 45.000000 0.000000 
25.000000 50.000000 0.000000 
25.000000 55.000000 0.000000 
25.000000 60.000000 0.000000 
25.000000 65.000000 0.000000 
25.000000 70.000000 0.000000 
25.000000 75.000000 0.000000 
25.000000 80.000000 0.000000 
25.000000 85.000000 0.000000 
25.000000 90.000000 0.000000 
25.000000 95.000000 0.000000 
25.000000 100.000000 0.000000 

30.000000 -40.000000 1.000000 
30.000000 -35.000000 1.000000 
30.000000 -30.000000 1.000000 
30.000000 -25.000000 1.000000 
30.000000 -20.000000 1.000000 
30.000000 -15.000000 1.000000 
30.000000 -10.000000 1.000000 
30.000000 -5.000000 1.000000 
30.000000 0.000000 1.000000 
30.000000 5.000000 1.000000 
30.000000 10.000000 1.000000 
30.000000 15.000000 1.000000 
30.000000 20.000000 1.000000 
30.000000 25.000000 1.000000 
30.000000 30.000000 1.000000 
30.000000 35.000000 1.000000 
30.000000 40.000000 1.000000 
30.000000 45.000000 1.000000 
30.000000 50.000000 1.000000 
30.000000 55.000000 1.000000 
30.000000 60.000000 1.000000 
30.000000 65.000000 1.000000 
30.000000 70.000000 1.000000 
30.000000 75.000000 1.000000 
30.000000 80.000000 1.000000 
30.000000 85.000000 1.000000 
30.000000 90.000000 1.000000 
30.000000 95.000000 1.000000 
30.000000 100.000000 1.000000 

35.000000 -40.000000 0.000000 
35.000000 -35.000000 0.000000 
35.000000 -30.000000 0.000000 
35.000000 -25.000000 0.000000 
35.000000 -20.000000 0.000000 
35.000000 -15.000000 0.000000 
35.000000 -10.000000 0.000000 
35.000000 -5.000000 0.000000 
35.000000 0.000000 0.000000 
35.000000 5.000000 0.000000 
35.000000 10.000000 0.000000 
35.000000 15.000000 0.000000 
35.000000 20.000000 0.000000 
35.000000 25.000000 0.000000 
35.000000 30.000000 0.000000 
35.000000 35.000000 0.000000 
35.000000 40.000000 0.000000 
35.000000 45.000000 0.000000 
35.000000 50.000000 0.000000 
35.000000 55.000000 0.000000 
35.000000 60.000000 0.000000 
35.000000 65.000000 0.000000 
35.000000 70.000000 0.000000 
35.000000 75.000000 0.000000 
35.000000 80.000000 0.000000 
35.000000 85.000000 0.000000 
35.000000 90.000000 0.000000 
35.000000 95.000000 0.000000 
35.000000 100.000000 0.000000 

40.000000 -40.000000 1.000000 
40.000000 -35.000000 1.000000 
40.000000 -30.000000 1.000000 
40.000000 -25.000000 1.000000 
40.000000 -20.000000 1.000000 
40.000000 -15.000000 1.000000 
40.000000 -10.000000 1.000000 
40.000000 -5.000000 1.000000 
40.000000 0.000000 1.000000 
40.000000 5.000000 1.000000 
40.000000 10.000000 1.000000 
40.000000 15.000000 1.000000 
40.000000 20.000000 1.000000 
40.000000 25.000000 1.000000 
40.000000 30.000000 1.000000 
40.000000 35.000000 1.000000 
40.000000 40.000000 1.000000 
40.000000 45.000000 1.000000 
40.000000 50.000000 1.000000 
40.000000 55.000000 1.000000 
40.000000 60.000000 1.000000 
40.000000 65.000000 1.000000 
40.000000 70.000000 1.000000 
40.000000 75.000000 1.000000 
40.000000 80.000000 1.000000 
40.000000 85.000000 1.000000 
40.000000 90.000000 1.000000 
40.000000 95.000000 1.000000 
40.000000 100.000000 1.000000 

45.000000 -40.000000 0.000000 
45.000000 -35.000000 0.000000 
45.000000 -30.000000 0.000000 
45.000000 -25.000000 0.000000 
45.000000 -20.000000 0.000000 
45.000000 -15.000000 0.000000 
45.000000 -10.000000 0.000000 
45.000000 -5.000000 0.000000 
45.000000 0.000000 0.000000 
45.000000 5.000000 0.000000 
45.000000 10.000000 0.000000 
45.000000 15.000000 0.000000 
45.000000 20.000000 0.000000 
45.000000 25.000000 0.000000 
45.000000 30.000000 0.000000 
45.000000 35.000000 0.000000 
45.000000 40.000000 0.000000 
45.000000 45.000000 0.000000 
45.000000 50.000000 0.000000 
45.000000 55.000000 0.000000 
45.000000 60.000000 0.000000 
45.000000 65.000000 0.000000 
45.000000 70.000000 0.000000 
45.000000 75.000000 0.000000 
45.000000 80.000000 0.000000 
45.000000 85.000000 0.000000 
45.000000 90.000000 0.000000 
45.000000 95.000000 0.000000 
45.000000 100.000000 0.000000 

50.000000 -40.000000 1.000000 
50.000000 -35.000000 1.000000 
50.000000 -30.000000 1.000000 
50.000000 -25.000000 1.000000 
50.000000 -20.000000 1.000000 
50.000000 -15.000000 1.000000 
50.000000 -10.000000 1.000000 
50.000000 -5.000000 1.000000 
50.000000 0.000000 1.000000 
50.000000 5.000000 1.000000 
50.000000 10.000000 1.000000 
50.000000 15.000000 1.000000 
50.000000 20.000000 1.000000 
50.000000 25.000000 1.000000 
50.000000 30.000000 1.000000 
50.000000 35.000000 1.000000 
50.000000 40.000000 1.000000 
50.000000 45.000000 1.000000 
50.000000 50.000000 1.000000 
50.000000 55.000000 1.000000 
50.000000 60.000000 1.000000 
50.000000 65.000000 1.000000 
50.000000 70.000000 1.000000 
50.000000 75.000000 1.000000 
50.000000 80.000000 1.000000 
50.000000 85.000000 1.000000 
50.000000 90.000000 1.000000 
50.000000 95.000000 1.000000 
50.000000 100.000000 1.000000 

55.000000 -40.000000 0.000000 
55.000000 -35.000000 0.000000 
55.000000 -30.000000 0.000000 
55.000000 -25.000000 0.000000 
55.000000 -20.000000 0.000000 
55.000000 -15.000000 0.000000 
55.000000 -10.000000 0.000000 
55.000000 -5.000000 0.000000 
55.000000 0.000000 0.000000 
55.000000 5.000000 0.000000 
55.000000 10.000000 0.000000 
55.000000 15.000000 0.000000 
55.000000 20.000000 0.000000 
55.000000 25.000000 0.000000 
55.000000 30.000000 0.000000 
55.000000 35.000000 0.000000 
55.000000 40.000000 0.000000 
55.000000 45.000000 0.000000 
55.000000 50.000000 0.000000 
55.000000 55.000000 0.000000 
55.000000 60.000000 0.000000 
55.000000 65.000000 0.000000 
55.000000 70.000000 0.000000 
55.000000 75.000000 0.000000 
55.000000 80.000000 0.000000 
55.000000 85.000000 0.000000 
55.000000 90.000000 0.000000 
55.000000 95.000000 0.000000 
55.000000 100.000000 0.000000 

60.000000 -40.000000 1.000000 
60.000000 -35.000000 1.000000 
60.000000 -30.000000 1.000000 
60.000000 -25.000000 1.000000 
60.000000 -20.000000 1.000000 
60.000000 -15.000000 1.000000 
60.000000 -10.000000 1.000000 
60.000000 -5.000000 1.000000 
60.000000 0.000000 1.000000 
60.000000 5.000000 1.000000 
60.000000 10.000000 1.000000 
60.000000 15.000000 1.000000 
60.000000 20.000000 1.000000 
60.000000 25.000000 1.000000 
60.000000 30.000000 1.000000 
60.000000 35.000000 1.000000 
60.000000 40.000000 1.000000 
60.000000 45.000000 1.000000 
60.000000 50.000000 1.000000 
60.000000 55.000000 1.000000 
60.000000 60.000000 1.000000 
60.000000 65.000000 1.000000 
60.000000 70.000000 1.000000 
60.000000 75.000000 1.000000 
60.000000 80.000000 1.000000 
60.000000 85.000000 1.000000 
60.000000 90.000000 1.000000 
60.000000 95.000000 1.000000 
60.000000 100.000000 1.000000 

65.000000 -40.000000 0.000000 
65.000000 -35.000000 0.000000 
65.000000 -30.000000 0.000000 
65.000000 -25.000000 0.000000 
65.000000 -20.000000 0.000000 
65.000000 -15.000000 0.000000 
65.000000 -10.000000 0.000000 
65.000000 -5.000000 0.000000 
65.000000 0.000000 0.000000 
65.000000 5.000000 0.000000 
65.000000 10.000000 0.000000 
65.000000 15.000000 0.000000 
65.000000 20.000000 0.000000 
65.000000 25.000000 0.000000 
65.000000 30.000000 0.000000 
65.000000 35.000000 0.000000 
65.000000 40.000000 0.000000 
65.000000 45.000000 0.000000 
65.000000 50.000000 0.000000 
65.000000 55.000000 0.000000 
65.000000 60.000000 0.000000 
65.000000 65.000000 0.000000 
65.000000 70.000000 0.000000 
65.000000 75.000000 0.000000 
65.000000 80.000000 0.000000 
65.000000 85.000000 0.000000 
65.000000 90.000000 0.000000 
65.000000 95.000000 0.000000 
65.000000 100.000000 0.000000 

70.000000 -40.000000 1.000000 
70.000000 -35.000000 1.000000 
70.000000 -30.000000 1.000000 
70.000000 -25.000000 1.000000 
70.000000 -20.000000 1.000000 
70.000000 -15.000000 1.000000 
70.000000 -10.000000 1.000000 
70.000000 -5.000000 1.000000 
70.000000 0.000000 1.000000 
70.000000 5.000000 1.000000 
70.000000 10.000000 1.000000 
70.000000 15.000000 1.000000 
70.000000 20.000000 1.000000 
70.000000 25.000000 1.000000 
70.000000 30.000000 1.000000 
70.000000 35.000000 1.000000 
70.000000 40.000000 1.000000 
70.000000 45.000000 1.000000 
70.000000 50.000000 1.000000 
70.000000 55.000000 1.000000 
70.000000 60.000000 1.000000 
70.000000 65.000000 1.000000 
70.000000 70.000000 1.000000 
70.000000 75.000000 1.000000 
70.000000 80.000000 1.000000 
70.000000 85.000000 1.000000 
70.000000 90.000000 1.000000 
70.000000 95.000000 1.000000 
70.000000 100.000000 1.000000 

75.000000 -40.000000 0.000000 
75.000000 -35.000000 0.000000 
75.000000 -30.000000 0.000000 
75.000000 -25.000000 0.000000 
75.000000 -20.000000 0.000000 
75.000000 -15.000000 0.000000 
75.000000 -10.000000 0.000000 
75.000000 -5.000000 0.000000 
75.000000 0.000000 0.000000 
75.000000 5.000000 0.000000 
75.000000 10.000000 0.000000 
75.000000 15.000000 0.000000 
75.000000 20.000000 0.000000 
75.000000 25.000000 0.000000 
75.000000 30.000000 0.000000 
75.000000 35.000000 0.000000 
75.000000 40.000000 0.000000 
75.000000 45.000000 0.000000 
75.000000 50.000000 0.000000 
75.000000 55.000000 0.000000 
75.000000 60.000000 0.000000 
75.000000 65.000000 0.000000 
75.000000 70.000000 0.000000 
75.000000 75.000000 0.000000 
75.000000 80.000000 0.000000 
75.000000 85.000000 0.000000 
75.000000 90.000000 0.000000 
75.000000 95.000000 0.000000 
75.000000 100.000000 0.000000 

80.000000 -40.000000 1.000000 
80.000000 -35.000000 1.000000 
80.000000 -30.000000 1.000000 
80.000000 -25.000000 1.000000 
80.000000 -20.000000 1.000000 
80.000000 -15.000000 1.000000 
80.000000 -10.000000 1.000000 
80.000000 -5.000000 1.000000 
80.000000 0.000000 1.000000 
80.000000 5.000000 1.000000 
80.000000 10.000000 1.000000 
80.000000 15.000000 1.000000 
80.000000 20.000000 1.000000 
80.000000 25.000000 1.000000 
80.000000 30.000000 1.000000 
80.000000 35.000000 1.000000 
80.000000 40.000000 1.000000 
80.000000 45.000000 1.000000 
80.000000 50.000000 1.000000 
80.000000 55.000000 1.000000 
80.000000 60.000000 1.000000 
80.000000 65.000000 1.000000 
80.000000 70.000000 1.000000 
80.000000 75.000000 1.000000 
80.000000 80.000000 1.000000 
80.000000 85.000000 1.000000 
80.000000 90.000000 1.000000 
80.000000 95.000000 1.000000 
80.000000 100.000000 1.000000 

85.000000 -40.000000 0.000000 
85.000000 -35.000000 0.000000 
85.000000 -30.000000 0.000000 
85.000000 -25.000000 0.000000 
85.000000 -20.000000 0.000000 
85.000000 -15.000000 0.000000 
85.000000 -10.000000 0.000000 
85.000000 -5.000000 0.000000 
85.000000 0.000000 0.000000 
85.000000 5.000000 0.000000 
85.000000 10.000000 0.000000 
85.000000 15.000000 0.000000 
85.000000 20.000000 0.000000 
85.000000 25.000000 0.000000 
85.000000 30.000000 0.000000 
85.000000 35.000000 0.000000 
85.000000 40.000000 0.000000 
85.000000 45.000000 0.000000 
85.000000 50.000000 0.000000 
85.000000 55.000000 0.000000 
85.000000 60.000000 0.000000 
85.000000 65.000000 0.000000 
85.000000 70.000000 0.000000 
85.000000 75.000000 0.000000 
85.000000 80.000000 0.000000 
85.000000 85.000000 0.000000 
85.000000 90.000000 0.000000 
85.000000 95.000000 0.000000 
85.000000 100.000000 0.000000 

90.000000 -40.000000 1.000000 
90.000000 -35.000000 1.000000 
90.000000 -30.000000 1.000000 
90.000000 -25.000000 1.000000 
90.000000 -20.000000 1.000000 
90.000000 -15.000000 1.000000 
90.000000 -10.000000 1.000000 
90.000000 -5.000000 1.000000 
90.000000 0.000000 1.000000 
90.000000 5.000000 1.000000 
90.000000 10.000000 1.000000 
90.000000 15.000000 1.000000 
90.000000 20.000000 1.000000 
90.000000 25.000000 1.000000 
90.000000 30.000000 1.000000 
90.000000 35.000000 1.000000 
90.000000 40.000000 1.000000 
90.000000 45.000000 1.000000 
90.000000 50.000000 1.000000 
90.000000 55.000000 1.000000 
90.000000 60.000000 1.000000 
90.000000 65.000000 1.000000 
90.000000 70.000000 1.000000 
90.000000 75.000000 1.000000 
90.000000 80.000000 1.000000 
90.000000 85.000000 1.000000 
90.000000 90.000000 1.000000 
90.000000 95.000000 1.000000 
90.000000 100.000000 1.000000 

95.000000 -40.000000 0.000000 
95.000000 -35.000000 0.000000 
95.000000 -30.000000 0.000000 
95.000000 -25.000000 0.000000 
95.000000 -20.000000 0.000000 
95.000000 -15.000000 0.000000 
95.000000 -10.000000 0.000000 
95.000000 -5.000000 0.000000 
95.000000 0.000000 0.000000 
95.000000 5.000000 0.000000 
95.000000 10.000000 0.000000 
95.000000 15.000000 0.000000 
95.000000 20.000000 0.000000 
95.000000 25.000000 0.000000 
95.000000 30.000000 0.000000 
95.000000 35.000000 0.000000 
95.000000 40.000000 0.000000 
95.000000 45.000000 0.000000 
95.000000 50.000000 0.000000 
95.000000 55.000000 0.000000 
95.000000 60.000000 0.000000 
95.000000 65.000000 0.000000 
95.000000 70.000000 0.000000 
95.000000 75.000000 0.000000 
95.000000 80.000000 0.000000 
95.000000 85.000000 0.000000 
95.000000 90.000000 0.000000 
95.000000 95.000000 0.000000 
95.000000 100.000000 0.000000 

100.000000 -40.000000 1.000000 
100.000000 -35.000000 1.000000 
100.000000 -30.000000 1.000000 
100.000000 -25.000000 1.000000 
100.000000 -20.000000 1.000000 
100.000000 -15.000000 1.000000 
100.000000 -10.000000 1.000000 
100.000000 -5.000000 1.000000 
100.000000 0.000000 1.000000 
100.000000 5.000000 1.000000 
100.000000 10.000000 1.000000 
100.000000 15.000000 1.000000 
100.000000 20.000000 1.000000 
100.000000 25.000000 1.000000 
100.000000 30.000000 1.000000 
100.000000 35.000000 1.000000 
100.000000 40.000000 1.000000 
100.000000 45.000000 1.000000 
100.000000 50.000000 1.000000 
100.000000 55.000000 1.000000 
100.000000 60.000000 1.000000 
100.000000 65.000000 1.000000 
100.000000 70.000000 1.000000 
100.000000 75.000000 1.000000 
100.000000 80.000000 1.000000 
100.000000 85.000000 1.000000 
100.000000 90.000000 1.000000 
100.000000 95.000000 1.000000 
100.000000 100.000000 1.000000 

#

-40.000000 -40.000000 -80.000000 
-40.000000 -35.000000 -80.000000 
-40.000000 -30.000000 -80.000000 
-40.000000 -25.000000 -80.000000 
-40.000000 -20.000000 -80.000000 
-40.000000 -15.000000 -80.000000 
-40.000000 -10.000000 -80.000000 
-40.000000 -5.000000 -80.000000 
-40.000000 0.000000 -80.000000 
-40.000000 5.000000 -80.000000 
-40.000000 10.000000 -80.000000 
-40.000000 15.000000 -80.000000 
-40.000000 20.000000 -80.000000 
-40.000000 25.000000 -80.000000 
-40.000000 30.000000 -80.000000 
-40.000000 35.000000 -80.000000 
-40.000000 40.000000 -80.000000 
-40.000000 45.000000 -80.000000 
-40.000000 50.000000 -80.000000 
-40.000000 55.000000 -80.000000 
-40.000000 60.000000 -80.000000 
-40.000000 65.000000 -80.000000 
-40.000000 70.000000 -80.000000 
-40.000000 75.000000 -80.000000 
-40.000000 80.000000 -80.000000 
-40.000000 85.000000 -80.000000 
-40.000000 90.000000 -80.000000 
-40.000000 95.000000 -80.000000 
-40.000000 100.000000 -80.000000 

-35.000000 -40.000000 -80.000000 
-35.000000 -35.000000 -80.000000 
-35.000000 -30.000000 -80.000000 
-35.000000 -25.000000 -80.000000 
-35.000000 -20.000000 -80.000000 
-35.000000 -15.000000 -80.000000 
-35.000000 -10.000000 -80.000000 
-35.000000 -5.000000 -80.000000 
-35.000000 0.000000 -80.000000 
-35.000000 5.000000 -80.000000 
-35.000000 10.000000 -80.000000 
-35.000000 15.000000 -80.000000 
-35.000000 20.000000 -80.000000 
-35.000000 25.000000 -80.000000 
-35.000000 30.000000 -80.000000 
-35.000000 35.000000 -80.000000 
-35.000000 40.000000 -80.000000 
-35.000000 45.000000 -80.000000 
-35.000000 50.000000 -80.000000 
-35.000000 55.000000 -80.000000 
-35.000000 60.000000 -80.000000 
-35.000000 65.000000 -80.000000 
-35.000000 70.000000 -80.000000 
-35.000000 75.000000 -80.000000 
-35.000000 80.000000 -80.000000 
-35.000000 85.000000 -80.000000 
-35.000000 90.000000 -80.000000 
-35.000000 95.000000 -80.000000 
-35.000000 100.000000 -80.000000 

-30.000000 -40.000000 -80.000000 
-30.000000 -35.000000 -80.000000 
-30.000000 -30.000000 -80.000000 
-30.000000 -25.000000 -80.000000 
-30.000000 -20.000000 -80.000000 
-30.000000 -15.000000 -80.000000 
-30.000000 -10.000000 -80.000000 
-30.000000 -5.000000 -80.000000 
-30.000000 0.000000 -80.000000 
-30.000000 5.000000 -80.000000 
-30.000000 10.000000 -80.000000 
-30.000000 15.000000 -80.000000 
-30.000000 20.000000 -80.000000 
-30.000000 25.000000 -80.000000 
-30.000000 30.000000 -80.000000 
-30.000000 35.000000 -80.000000 
-30.000000 40.000000 -80.000000 
-30.000000 45.000000 -80.000000 
-30.000000 50.000000 -80.000000 
-30.000000 55.000000 -80.000000 
-30.000000 60.000000 -80.000000 
-30.000000 65.000000 -80.000000 
-30.000000 70.000000 -80.000000 
-30.000000 75.000000 -80.000000 
-30.000000 80.000000 -80.000000 
-30.000000 85.000000 -80.000000 
-30.000000 90.000000 -80.000000 
-30.000000 95.000000 -80.000000 
-30.000000 100.000000 -80.000000 

-25.000000 -40.000000 -80.000000 
-25.000000 -35.000000 -80.000000 
-25.000000 -30.000000 -80.000000 
-25.000000 -25.000000 -80.000000 
-25.000000 -20.000000 -80.000000 
-25.000000 -15.000000 -80.000000 
-25.000000 -10.000000 -80.000000 
-25.000000 -5.000000 -80.000000 
-25.000000 0.000000 -80.000000 
-25.000000 5.000000 -80.000000 
-25.000000 10.000000 -80.000000 
-25.000000 15.000000 -80.000000 
-25.000000 20.000000 -80.000000 
-25.000000 25.000000 -80.000000 
-25.000000 30.000000 -80.000000 
-25.000000 35.000000 -80.000000 
-25.000000 40.000000 -80.000000 
-25.000000 45.000000 -80.000000 
-25.000000 50.000000 -80.000000 
-25.000000 55.000000 -80.000000 
-25.000000 60.000000 -80.000000 
-25.000000 65.000000 -80.000000 
-25.000000 70.000000 -80.000000 
-25.000000 75.000000 -80.000000 
-25.000000 80.000000 -80.000000 
-25.000000 85.000000 -80.000000 
-25.000000 90.000000 -80.000000 
-25.000000 95.000000 -80.000000 
-25.000000 100.000000 -80.000000 

-20.000000 -40.000000 -80.000000 
-20.000000 -35.000000 -80.000000 
-20.000000 -30.000000 -80.000000 
-20.000000 -25.000000 -80.000000 
-20.000000 -20.000000 -80.000000 
-20.000000 -15.000000 -80.000000 
-20.000000 -10.000000 -80.000000 
-20.000000 -5.000000 -80.000000 
-20.000000 0.000000 -80.000000 
-20.000000 5.000000 -80.000000 
-20.000000 10.000000 -80.000000 
-20.000000 15.000000 -80.000000 
-20.000000 20.000000 -80.000000 
-20.000000 25.000000 -80.000000 
-20.000000 30.000000 -80.000000 
-20.000000 35.000000 -80.000000 
-20.000000 40.000000 -80.000000 
-20.000000 45.000000 -80.000000 
-20.000000 50.000000 -80.000000 
-20.000000 55.000000 -80.000000 
-20.000000 60.000000 -80.000000 
-20.000000 65.000000 -80.000000 
-20.000000 70.000000 -80.000000 
-20.000000 75.000000 -80.000000 
-20.000000 80.000000 -80.000000 
-20.000000 85.000000 -80.000000 
-20.000000 90.000000 -80.000000 
-20.000000 95.000000 -80.000000 
-20.000000 100.000000 -80.000000 

-15.000000 -40.000000 -80.000000 
-15.000000 -35.000000 -80.000000 
-15.000000 -30.000000 -80.000000 
-15.000000 -25.000000 -80.000000 
-15.000000 -20.000000 -80.000000 
-15.000000 -15.000000 -80.000000 
-15.000000 -10.000000 -80.000000 
-15.000000 -5.000000 -80.000000 
-15.000000 0.000000 -80.000000 
-15.000000 5.000000 -80.000000 
-15.000000 10.000000 -80.000000 
-15.000000 15.000000 -80.000000 
-15.000000 20.000000 -80.000000 
-15.000000 25.000000 -80.000000 
-15.000000 30.000000 -80.000000 
-15.000000 35.000000 -80.000000 
-15.000000 40.000000 -80.000000 
-15.000000 45.000000 -80.000000 
-15.000000 50.000000 -80.000000 
-15.000000 55.000000 -80.000000 
-15.000000 60.000000 -80.000000 
-15.000000 65.000000 -80.000000 
-15.000000 70.000000 -80.000000 
-15.000000 75.000000 -80.000000 
-15.000000 80.000000 -80.000000 
-15.000000 85.000000 -80.000000 
-15.000000 90.000000 -80.000000 
-15.000000 95.000000 -80.000000 
-15.000000 100.000000 -80.000000 

-10.000000 -40.000000 -80.000000 
-10.000000 -35.000000 -80.000000 
-10.000000 -30.000000 -80.000000 
-10.000000 -25.000000 -80.000000 
-10.000000 -20.000000 -80.000000 
-10.000000 -15.000000 -80.000000 
-10.000000 -10.000000 -80.000000 
-10.000000 -5.000000 -80.000000 
-10.000000 0.000000 -80.000000 
-10.000000 5.000000 -80.000000 
-10.000000 10.000000 -80.000000 
-10.000000 15.000000 -80.000000 
-10.000000 20.000000 -80.000000 
-10.000000 25.000000 -80.000000 
-10.000000 30.000000 -80.000000 
-10.000000 35.000000 -80.000000 
-10.000000 40.000000 -80.000000 
-10.000000 45.000000 -80.000000 
-10.000000 50.000000 -80.000000 
-10.000000 55.000000 -80.000000 
-10.000000 60.000000 -80.000000 
-10.000000 65.000000 -80.000000 
-10.000000 70.000000 -80.000000 
-10.000000 75.000000 -80.000000 
-10.000000 80.000000 -80.000000 
-10.000000 85.000000 -80.000000 
-10.000000 90.000000 -80.000000 
-10.000000 95.000000 -80.000000 
-10.000000 100.000000 -80.000000 

-5.000000 -40.000000 -80.000000 
-5.000000 -35.000000 -80.000000 
-5.000000 -30.000000 -80.000000 
-5.000000 -25.000000 -80.000000 
-5.000000 -20.000000 -80.000000 
-5.000000 -15.000000 -80.000000 
-5.000000 -10.000000 -80.000000 
-5.000000 -5.000000 -80.000000 
-5.000000 0.000000 -80.000000 
-5.000000 5.000000 -80.000000 
-5.000000 10.000000 -80.000000 
-5.000000 15.000000 -80.000000 
-5.000000 20.000000 -80.000000 
-5.000000 25.000000 -80.000000 
-5.000000 30.000000 -80.000000 
-5.000000 35.000000 -80.000000 
-5.000000 40.000000 -80.000000 
-5.000000 45.000000 -80.000000 
-5.000000 50.000000 -80.000000 
-5.000000 55.000000 -80.000000 
-5.000000 60.000000 -80.000000 
-5.000000 65.000000 -80.000000 
-5.000000 70.000000 -80.000000 
-5.000000 75.000000 -80.000000 
-5.000000 80.000000 -80.000000 
-5.000000 85.000000 -80.000000 
-5.000000 90.000000 -80.000000 
-5.000000 95.000000 -80.000000 
-5.000000 100.000000 -80.000000 

0.000000 -40.000000 -80.000000 
0.000000 -35.000000 -80.000000 
0.000000 -30.000000 -80.000000 
0.000000 -25.000000 -80.000000 
0.000000 -20.000000 -80.000000 
0.000000 -15.000000 -80.000000 
0.000000 -10.000000 -80.000000 
0.000000 -5.000000 -80.000000 
0.000000 0.000000 -80.000000 
0.000000 5.000000 -80.000000 
0.000000 10.000000 -80.000000 
0.000000 15.000000 -80.000000 
0.000000 20.000000 -80.000000 
0.000000 25.000000 -80.000000 
0.000000 30.000000 -80.000000 
0.000000 35.000000 -80.000000 
0.000000 40.000000 -80.000000 
0.000000 45.000000 -80.000000 
0.000000 50.000000 -80.000000 
0.000000 55.000000 -80.000000 
0.000000 60.000000 -80.000000 
0.000000 65.000000 -80.000000 
0.000000 70.000000 -80.000000 
0.000000 75.000000 -80.000000 
0.000000 80.000000 -80.000000 
0.000000 85.000000 -80.000000 
0.000000 90.000000 -80.000000 
0.000000 95.000000 -80.000000 
0.000000 100.000000 -80.000000 

5.000000 -40.000000 -80.000000 
5.000000 -35.000000 -80.000000 
5.000000 -30.000000 -80.000000 
5.000000 -25.000000 -80.000000 
5.000000 -20.000000 -80.000000 
5.000000 -15.000000 -80.000000 
5.000000 -10.000000 -80.000000 
5.000000 -5.000000 -80.000000 
5.000000 0.000000 -80.000000 
5.000000 5.000000 -80.000000 
5.000000 10.000000 -80.000000 
5.000000 15.000000 -80.000000 
5.000000 20.000000 -80.000000 
5.000000 25.000000 -80.000000 
5.000000 30.000000 -80.000000 
5.000000 35.000000 -80.000000 
5.000000 40.000000 -80.000000 
5.000000 45.000000 -80.000000 
5.000000 50.000000 -80.000000 
5.000000 55.000000 -80.000000 
5.000000 60.000000 -80.000000 
5.000000 65.000000 -80.000000 
5.000000 70.000000 -80.000000 
5.000000 75.000000 -80.000000 
5.000000 80.000000 -80.000000 
5.000000 85.000000 -80.000000 
5.000000 90.000000 -80.000000 
5.000000 95.000000 -80.000000 
5.000000 100.000000 -80.000000 

10.000000 -40.000000 -80.000000 
10.000000 -35.000000 -80.000000 
10.000000 -30.000000 -80.000000 
10.000000 -25.000000 -80.000000 
10.000000 -20.000000 -80.000000 
10.000000 -15.000000 -80.000000 
10.000000 -10.000000 -80.000000 
10.000000 -5.000000 -80.000000 
10.000000 0.000000 -80.000000 
10.000000 5.000000 -80.000000 
10.000000 10.000000 -80.000000 
10.000000 15.000000 -80.000000 
10.000000 20.000000 -80.000000 
10.000000 25.000000 -80.000000 
10.000000 30.000000 -80.000000 
10.000000 35.000000 -80.000000 
10.000000 40.000000 -80.000000 
10.000000 45.000000 -80.000000 
10.000000 50.000000 -80.000000 
10.000000 55.000000 -80.000000 
10.000000 60.000000 -80.000000 
10.000000 65.000000 -80.000000 
10.000000 70.000000 -80.000000 
10.000000 75.000000 -80.000000 
10.000000 80.000000 -80.000000 
10.000000 85.000000 -80.000000 
10.000000 90.000000 -80.000000 
10.000000 95.000000 -80.000000 
10.000000 100.000000 -80.000000 

15.000000 -40.000000 -80.000000 
15.000000 -35.000000 -80.000000 
15.000000 -30.000000 -80.000000 
15.000000 -25.000000 -80.000000 
15.000000 -20.000000 -80.000000 
15.000000 -15.000000 -80.000000 
15.000000 -10.000000 -80.000000 
15.000000 -5.000000 -80.000000 
15.000000 0.000000 -80.000000 
15.000000 5.000000 -80.000000 
15.000000 10.000000 -80.000000 
15.000000 15.000000 -80.000000 
15.000000 20.000000 -80.000000 
15.000000 25.000000 -80.000000 
15.000000 30.000000 -80.000000 
15.000000 35.000000 -80.000000 
15.000000 40.000000 -80.000000 
15.000000 45.000000 -80.000000 
15.000000 50.000000 -80.000000 
15.000000 55.000000 -80.000000 
15.000000 60.000000 -80.000000 
15.000000 65.000000 -80.000000 
15.000000 70.000000 -80.000000 
15.000000 75.000000 -80.000000 
15.000000 80.000000 -80.000000 
15.000000 85.000000 -80.000000 
15.000000 90.000000 -80.000000 
15.000000 95.000000 -80.000000 
15.000000 100.000000 -80.000000 

20.000000 -40.000000 -80.000000 
20.000000 -35.000000 -80.000000 
20.000000 -30.000000 -80.000000 
20.000000 -25.000000 -80.000000 
20.000000 -20.000000 -80.000000 
20.000000 -15.000000 -80.000000 
20.000000 -10.000000 -80.000000 
20.000000 -5.000000 -80.000000 
20.000000 0.000000 -80.000000 
20.000000 5.000000 -80.000000 
20.000000 10.000000 -80.000000 
20.000000 15.000000 -80.000000 
20.000000 20.000000 -80.000000 
20.000000 25.000000 -80.000000 
20.000000 30.000000 -80.000000 
20.000000 35.000000 -80.000000 
20.000000 40.000000 -80.000000 
20.000000 45.000000 -80.000000 
20.000000 50.000000 -80.000000 
20.000000 55.000000 -80.000000 
20.000000 60.000000 -80.000000 
20.000000 65.000000 -80.000000 
20.000000 70.000000 -80.000000 
20.000000 75.000000 -80.000000 
20.000000 80.000000 -80.000000 
20.000000 85.000000 -80.000000 
20.000000 90.000000 -80.000000 
20.000000 95.000000 -80.000000 
20.000000 100.000000 -80.000000 

25.000000 -40.000000 -80.000000 
25.000000 -35.000000 -80.000000 
25.000000 -30.000000 -80.000000 
25.000000 -25.000000 -80.000000 
25.000000 -20.000000 -80.000000 
25.000000 -15.000000 -80.000000 
25.000000 -10.000000 -80.000000 
25.000000 -5.000000 -80.000000 
25.000000 0.000000 -80.000000 
25.000000 5.000000 -80.000000 
25.000000 10.000000 -80.000000 
25.000000 15.000000 -80.000000 
25.000000 20.000000 -80.000000 
25.000000 25.000000 -80.000000 
25.000000 30.000000 -80.000000 
25.000000 35.000000 -80.000000 
25.000000 40.000000 -80.000000 
25.000000 45.000000 -80.000000 
25.000000 50.000000 -80.000000 
25.000000 55.000000 -80.000000 
25.000000 60.000000 -80.000000 
25.000000 65.000000 -80.000000 
25.000000 70.000000 -80.000000 
25.000000 75.000000 -80.000000 
25.000000 80.000000 -80.000000 
25.000000 85.000000 -80.000000 
25.000000 90.000000 -80.000000 
25.000000 95.000000 -80.000000 
25.000000 100.000000 -80.000000 

30.000000 -40.000000 -80.000000 
30.000000 -35.000000 -80.000000 
30.000000 -30.000000 -80.000000 
30.000000 -25.000000 -80.000000 
30.000000 -20.000000 -80.000000 
30.000000 -15.000000 -80.000000 
30.000000 -10.000000 -80.000000 
30.000000 -5.000000 -80.000000 
30.000000 0.000000 -80.000000 
30.000000 5.000000 -80.000000 
30.000000 10.000000 -80.000000 
30.000000 15.000000 -80.000000 
30.000000 20.000000 -80.000000 
30.000000 25.000000 -80.000000 
30.000000 30.000000 -80.000000 
30.000000 35.000000 -80.000000 
30.000000 40.000000 -80.000000 
30.000000 45.000000 -80.000000 
30.000000 50.000000 -80.000000 
30.000000 55.000000 -80.000000 
30.000000 60.000000 -80.000000 
30.000000 65.000000 -80.000000 
30.000000 70.000000 -80.000000 
30.000000 75.000000 -80.000000 
30.000000 80.000000 -80.000000 
30.000000 85.000000 -80.000000 
30.000000 90.000000 -80.000000 
30.000000 95.000000 -80.000000 
30.000000 100.000000 -80.000000 

35.000000 -40.000000 -80.000000 
35.000000 -35.000000 -80.000000 
35.000000 -30.000000 -80.000000 
35.000000 -25.000000 -80.000000 
35.000000 -20.000000 -80.000000 
35.000000 -15.000000 -80.000000 
35.000000 -10.000000 -80.000000 
35.000000 -5.000000 -80.000000 
35.000000 0.000000 -80.000000 
35.000000 5.000000 -80.000000 
35.000000 10.000000 -80.000000 
35.000000 15.000000 -80.000000 
35.000000 20.000000 -80.000000 
35.000000 25.000000 -80.000000 
35.000000 30.000000 -80.000000 
35.000000 35.000000 -80.000000 
35.000000 40.000000 -80.000000 
35.000000 45.000000 -80.000000 
35.000000 50.000000 -80.000000 
35.000000 55.000000 -80.000000 
35.000000 60.000000 -80.000000 
35.000000 65.000000 -80.000000 
35.000000 70.000000 -80.000000 
35.000000 75.000000 -80.000000 
35.000000 80.000000 -80.000000 
35.000000 85.000000 -80.000000 
35.000000 90.000000 -80.000000 
35.000000 95.000000 -80.000000 
35.000000 100.000000 -80.000000 

40.000000 -40.000000 -80.000000 
40.000000 -35.000000 -80.000000 
40.000000 -30.000000 -80.000000 
40.000000 -25.000000 -80.000000 
40.000000 -20.000000 -80.000000 
40.000000 -15.000000 -80.000000 
40.000000 -10.000000 -80.000000 
40.000000 -5.000000 -80.000000 
40.000000 0.000000 -80.000000 
40.000000 5.000000 -80.000000 
40.000000 10.000000 -80.000000 
40.000000 15.000000 -80.000000 
40.000000 20.000000 -80.000000 
40.000000 25.000000 -80.000000 
40.000000 30.000000 -80.000000 
40.000000 35.000000 -80.000000 
40.000000 40.000000 -80.000000 
40.000000 45.000000 -80.000000 
40.000000 50.000000 -80.000000 
40.000000 55.000000 -80.000000 
40.000000 60.000000 -80.000000 
40.000000 65.000000 -80.000000 
40.000000 70.000000 -80.000000 
40.000000 75.000000 -80.000000 
40.000000 80.000000 -80.000000 
40.000000 85.000000 -80.000000 
40.000000 90.000000 -80.000000 
40.000000 95.000000 -80.000000 
40.000000 100.000000 -80.000000 

45.000000 -40.000000 -80.000000 
45.000000 -35.000000 -80.000000 
45.000000 -30.000000 -80.000000 
45.000000 -25.000000 -80.000000 
45.000000 -20.000000 -80.000000 
45.000000 -15.000000 -80.000000 
45.000000 -10.000000 -80.000000 
45.000000 -5.000000 -80.000000 
45.000000 0.000000 -80.000000 
45.000000 5.000000 -80.000000 
45.000000 10.000000 -80.000000 
45.000000 15.000000 -80.000000 
45.000000 20.000000 -80.000000 
45.000000 25.000000 -80.000000 
45.000000 30.000000 -80.000000 
45.000000 35.000000 -80.000000 
45.000000 40.000000 -80.000000 
45.000000 45.000000 -80.000000 
45.000000 50.000000 -80.000000 
45.000000 55.000000 -80.000000 
45.000000 60.000000 -80.000000 
45.000000 65.000000 -80.000000 
45.000000 70.000000 -80.000000 
45.000000 75.000000 -80.000000 
45.000000 80.000000 -80.000000 
45.000000 85.000000 -80.000000 
45.000000 90.000000 -80.000000 
45.000000 95.000000 -80.000000 
45.000000 100.000000 -80.000000 

50.000000 -40.000000 -80.000000 
50.000000 -35.000000 -80.000000 
50.000000 -30.000000 -80.000000 
50.000000 -25.000000 -80.000000 
50.000000 -20.000000 -80.000000 
50.000000 -15.000000 -80.000000 
50.000000 -10.000000 -80.000000 
50.000000 -5.000000 -80.000000 
50.000000 0.000000 -80.000000 
50.000000 5.000000 -80.000000 
50.000000 10.000000 -80.000000 
50.000000 15.000000 -80.000000 
50.000000 20.000000 -80.000000 
50.000000 25.000000 -80.000000 
50.000000 30.000000 -80.000000 
50.000000 35.000000 -80.000000 
50.000000 40.000000 -80.000000 
50.000000 45.000000 -80.000000 
50.000000 50.000000 -80.000000 
50.000000 55.000000 -80.000000 
50.000000 60.000000 -80.000000 
50.000000 65.000000 -80.000000 
50.000000 70.000000 -80.000000 
50.000000 75.000000 -80.000000 
50.000000 80.000000 -80.000000 
50.000000 85.000000 -80.000000 
50.000000 90.000000 -80.000000 
50.000000 95.000000 -80.000000 
50.000000 100.000000 -80.000000 

55.000000 -40.000000 -80.000000 
55.000000 -35.000000 -80.000000 
55.000000 -30.000000 -80.000000 
55.000000 -25.000000 -80.000000 
55.000000 -20.000000 -80.000000 
55.000000 -15.000000 -80.000000 
55.000000 -10.000000 -80.000000 
55.000000 -5.000000 -80.000000 
55.000000 0.000000 -80.000000 
55.000000 5.000000 -80.000000 
55.000000 10.000000 -80.000000 
55.000000 15.000000 -80.000000 
55.000000 20.000000 -80.000000 
55.000000 25.000000 -80.000000 
55.000000 30.000000 -80.000000 
55.000000 35.000000 -80.000000 
55.000000 40.000000 -80.000000 
55.000000 45.000000 -80.000000 
55.000000 50.000000 -80.000000 
55.000000 55.000000 -80.000000 
55.000000 60.000000 -80.000000 
55.000000 65.000000 -80.000000 
55.000000 70.000000 -80.000000 
55.000000 75.000000 -80.000000 
55.000000 80.000000 -80.000000 
55.000000 85.000000 -80.000000 
55.000000 90.000000 -80.000000 
55.000000 95.000000 -80.000000 
55.000000 100.000000 -80.000000 

60.000000 -40.000000 -80.000000 
60.000000 -35.000000 -80.000000 
60.000000 -30.000000 -80.000000 
60.000000 -25.000000 -80.000000 
60.000000 -20.000000 -80.000000 
60.000000 -15.000000 -80.000000 
60.000000 -10.000000 -80.000000 
60.000000 -5.000000 -80.000000 
60.000000 0.000000 -80.000000 
60.000000 5.000000 -80.000000 
60.000000 10.000000 -80.000000 
60.000000 15.000000 -80.000000 
60.000000 20.000000 -80.000000 
60.000000 25.000000 -80.000000 
60.000000 30.000000 -80.000000 
60.000000 35.000000 -80.000000 
60.000000 40.000000 -80.000000 
60.000000 45.000000 -80.000000 
60.000000 50.000000 -80.000000 
60.000000 55.000000 -80.000000 
60.000000 60.000000 -80.000000 
60.000000 65.000000 -80.000000 
60.000000 70.000000 -80.000000 
60.000000 75.000000 -80.000000 
60.000000 80.000000 -80.000000 
60.000000 85.000000 -80.000000 
60.000000 90.000000 -80.000000 
60.000000 95.000000 -80.000000 
60.000000 100.000000 -80.000000 

65.000000 -40.000000 -80.000000 
65.000000 -35.000000 -80.000000 
65.000000 -30.000000 -80.000000 
65.000000 -25.000000 -80.000000 
65.000000 -20.000000 -80.000000 
65.000000 -15.000000 -80.000000 
65.000000 -10.000000 -80.000000 
65.000000 -5.000000 -80.000000 
65.000000 0.000000 -80.000000 
65.000000 5.000000 -80.000000 
65.000000 10.000000 -80.000000 
65.000000 15.000000 -80.000000 
65.000000 20.000000 -80.000000 
65.000000 25.000000 -80.000000 
65.000000 30.000000 -80.000000 
65.000000 35.000000 -80.000000 
65.000000 40.000000 -80.000000 
65.000000 45.000000 -80.000000 
65.000000 50.000000 -80.000000 
65.000000 55.000000 -80.000000 
65.000000 60.000000 -80.000000 
65.000000 65.000000 -80.000000 
65.000000 70.000000 -80.000000 
65.000000 75.000000 -80.000000 
65.000000 80.000000 -80.000000 
65.000000 85.000000 -80.000000 
65.000000 90.000000 -80.000000 
65.000000 95.000000 -80.000000 
65.000000 100.000000 -80.000000 

70.000000 -40.000000 -80.000000 
70.000000 -35.000000 -80.000000 
70.000000 -30.000000 -80.000000 
70.000000 -25.000000 -80.000000 
70.000000 -20.000000 -80.000000 
70.000000 -15.000000 -80.000000 
70.000000 -10.000000 -80.000000 
70.000000 -5.000000 -80.000000 
70.000000 0.000000 -80.000000 
70.000000 5.000000 -80.000000 
70.000000 10.000000 -80.000000 
70.000000 15.000000 -80.000000 
70.000000 20.000000 -80.000000 
70.000000 25.000000 -80.000000 
70.000000 30.000000 -80.000000 
70.000000 35.000000 -80.000000 
70.000000 40.000000 -80.000000 
70.000000 45.000000 -80.000000 
70.000000 50.000000 -80.000000 
70.000000 55.000000 -80.000000 
70.000000 60.000000 -80.000000 
70.000000 65.000000 -80.000000 
70.000000 70.000000 -80.000000 
70.000000 75.000000 -80.000000 
70.000000 80.000000 -80.000000 
70.000000 85.000000 -80.000000 
70.000000 90.000000 -80.000000 
70.000000 95.000000 -80.000000 
70.000000 100.000000 -80.000000 

75.000000 -40.000000 -80.000000 
75.000000 -35.000000 -80.000000 
75.000000 -30.000000 -80.000000 
75.000000 -25.000000 -80.000000 
75.000000 -20.000000 -80.000000 
75.000000 -15.000000 -80.000000 
75.000000 -10.000000 -80.000000 
75.000000 -5.000000 -80.000000 
75.000000 0.000000 -80.000000 
75.000000 5.000000 -80.000000 
75.000000 10.000000 -80.000000 
75.000000 15.000000 -80.000000 
75.000000 20.000000 -80.000000 
75.000000 25.000000 -80.000000 
75.000000 30.000000 -80.000000 
75.000000 35.000000 -80.000000 
75.000000 40.000000 -80.000000 
75.000000 45.000000 -80.000000 
75.000000 50.000000 -80.000000 
75.000000 55.000000 -80.000000 
75.000000 60.000000 -80.000000 
75.000000 65.000000 -80.000000 
75.000000 70.000000 -80.000000 
75.000000 75.000000 -80.000000 
75.000000 80.000000 -80.000000 
75.000000 85.000000 -80.000000 
75.000000 90.000000 -80.000000 
75.000000 95.000000 -80.000000 
75.000000 100.000000 -80.000000 

80.000000 -40.000000 -80.000000 
80.000000 -35.000000 -80.000000 
80.000000 -30.000000 -80.000000 
80.000000 -25.000000 -80.000000 
80.000000 -20.000000 -80.000000 
80.000000 -15.000000 -80.000000 
80.000000 -10.000000 -80.000000 
80.000000 -5.000000 -80.000000 
80.000000 0.000000 -80.000000 
80.000000 5.000000 -80.000000 
80.000000 10.000000 -80.000000 
80.000000 15.000000 -80.000000 
80.000000 20.000000 -80.000000 
80.000000 25.000000 -80.000000 
80.000000 30.000000 -80.000000 
80.000000 35.000000 -80.000000 
80.000000 40.000000 -80.000000 
80.000000 45.000000 -80.000000 
80.000000 50.000000 -80.000000 
80.000000 55.000000 -80.000000 
80.000000 60.000000 -80.000000 
80.000000 65.000000 -80.000000 
80.000000 70.000000 -80.000000 
80.000000 75.000000 -80.000000 
80.000000 80.000000 -80.000000 
80.000000 85.000000 -80.000000 
80.000000 90.000000 -80.000000 
80.000000 95.000000 -80.000000 
80.000000 100.000000 -80.000000 

85.000000 -40.000000 -80.000000 
85.000000 -35.000000 -80.000000 
85.000000 -30.000000 -80.000000 
85.000000 -25.000000 -80.000000 
85.000000 -20.000000 -80.000000 
85.000000 -15.000000 -80.000000 
85.000000 -10.000000 -80.000000 
85.000000 -5.000000 -80.000000 
85.000000 0.000000 -80.000000 
85.000000 5.000000 -80.000000 
85.000000 10.000000 -80.000000 
85.000000 15.000000 -80.000000 
85.000000 20.000000 -80.000000 
85.000000 25.000000 -80.000000 
85.000000 30.000000 -80.000000 
85.000000 35.000000 -80.000000 
85.000000 40.000000 -80.000000 
85.000000 45.000000 -80.000000 
85.000000 50.000000 -80.000000 
85.000000 55.000000 -80.000000 
85.000000 60.000000 -80.000000 
85.000000 65.000000 -80.000000 
85.000000 70.000000 -80.000000 
85.000000 75.000000 -80.000000 
85.000000 80.000000 -80.000000 
85.000000 85.000000 -80.000000 
85.000000 90.000000 -80.000000 
85.000000 95.000000 -80.000000 
85.000000 100.000000 -80.000000 

90.000000 -40.000000 -80.000000 
90.000000 -35.000000 -80.000000 
90.000000 -30.000000 -80.000000 
90.000000 -25.000000 -80.000000 
90.000000 -20.000000 -80.000000 
90.000000 -15.000000 -80.000000 
90.000000 -10.000000 -80.000000 
90.000000 -5.000000 -80.000000 
90.000000 0.000000 -80.000000 
90.000000 5.000000 -80.000000 
90.000000 10.000000 -80.000000 
90.000000 15.000000 -80.000000 
90.000000 20.000000 -80.000000 
90.000000 25.000000 -80.000000 
90.000000 30.000000 -80.000000 
90.000000 35.000000 -80.000000 
90.000000 40.000000 -80.000000 
90.000000 45.000000 -80.000000 
90.000000 50.000000 -80.000000 
90.000000 55.000000 -80.000000 
90.000000 60.000000 -80.000000 
90.000000 65.000000 -80.000000 
90.000000 70.000000 -80.000000 
90.000000 75.000000 -80.000000 
90.000000 80.000000 -80.000000 
90.000000 85.000000 -80.000000 
90.000000 90.000000 -80.000000 
90.000000 95.000000 -80.000000 
90.000000 100.000000 -80.000000 

95.000000 -40.000000 -80.000000 
95.000000 -35.000000 -80.000000 
95.000000 -30.000000 -80.000000 
95.000000 -25.000000 -80.000000 
95.000000 -20.000000 -80.000000 
95.000000 -15.000000 -80.000000 
95.000000 -10.000000 -80.000000 
95.000000 -5.000000 -80.000000 
95.000000 0.000000 -80.000000 
95.000000 5.000000 -80.000000 
95.000000 10.000000 -80.000000 
95.000000 15.000000 -80.000000 
95.000000 20.000000 -80.000000 
95.000000 25.000000 -80.000000 
95.000000 30.000000 -80.000000 
95.000000 35.000000 -80.000000 
95.000000 40.000000 -80.000000 
95.000000 45.000000 -80.000000 
95.000000 50.000000 -80.000000 
95.000000 55.000000 -80.000000 
95.000000 60.000000 -80.000000 
95.000000 65.000000 -80.000000 
95.000000 70.000000 -80.000000 
95.000000 75.000000 -80.000000 
95.000000 80.000000 -80.000000 
95.000000 85.000000 -80.000000 
95.000000 90.000000 -80.000000 
95.000000 95.000000 -80.000000 
95.000000 100.000000 -80.000000 

100.000000 -40.000000 -80.000000 
100.000000 -35.000000 -80.000000 
100.000000 -30.000000 -80.000000 
100.000000 -25.000000 -80.000000 
100.000000 -20.000000 -80.000000 
100.000000 -15.000000 -80.000000 
100.000000 -10.000000 -80.000000 
100.000000 -5.000000 -80.000000 
100.000000 0.000000 -80.000000 
100.000000 5.000000 -80.000000 
100.000000 10.000000 -80.000000 
100.000000 15.000000 -80.000000 
100.000000 20.000000 -80.000000 
100.000000 25.000000 -80.000000 
100.000000 30.000000 -80.000000 
100.000000 35.000000 -80.000000 
100.000000 40.000000 -80.000000 
100.000000 45.000000 -80.000000 
100.000000 50.000000 -80.000000 
100.000000 55.000000 -80.000000 
100.000000 60.000000 -80.000000 
100.000000 65.000000 -80.000000 
100.000000 70.000000 -80.000000 
100.000000 75.000000 -80.000000 
100.000000 80.000000 -80.000000 
100.000000 85.000000 -80.000000 
100.000000 90.000000 -80.000000 
100.000000 95.000000 -80.000000 
100.000000 100.000000 -80.000000 

#

-6.427876 -7.660444 -30.000000 
-2.597654 -10.874382 -40.000000 
10.258098 4.446506 -40.000000 
6.427876 7.660444 -30.000000 

-6.427876 -7.660444 -30.000000 
-2.597654 -10.874382 -20.000000 
10.258098 4.446506 -20.000000 
6.427876 7.660444 -30.000000 

-6.427876 -7.660444 -30.000000 
-10.258098 -4.446506 -20.000000 
2.597654 10.874382 -20.000000 
6.427876 7.660444 -30.000000 

-6.427876 -7.660444 -30.000000 
-10.258098 -4.446506 -40.000000 
2.597654 10.874382 -40.000000 
6.427876 7.660444 -30.000000 

-6.427876 -7.660444 -30.000000 
-2.597654 -10.874382 -40.000000 
10.258098 4.446506 -40.000000 
6.427876 7.660444 -30.000000 

#

